Batch 1
Symbol
Price MA 20
Price MA 50
RSI (14)
Volume MA 20
ADTV 30
Price
Price MA 200

Volume
Average Directional Index 14

Average Directional Index DI+ 14

Average Directional Index DI- 14

MACD (12,26)

Previous MACD (12,26)

Previous RSI (14)

Average True Range 14

Average Daily Range 14

Value

Rank (RS 3m)

Rank (RS 6m)

Rank (RS 9m)

SLIS
684,854,000.00	92,666,835.00	91.00	77.00	59.22%	16,325,007,803.00	93.00	82.00	30.92	28.53	16.01	1.96	1.59	45.32%	7.05	5.57	65,234,490,900.00	96.716	91.162	-
DEFI
574,134,900.00	71,033,715.00	108.00	107.00	57.06%	7,421,468,753.00	119.00	149.00	26.60	42.67	7.87	2.47	1.94	78.17%	8.82	8.07	76,132,640,200.00	77.325	96.273	-
BRMS
416,318,400.00	364,829,925.00	715.00	631.00	59.97%	258,187,968,217.00	730.00	824.00	22.41	31.05	21.17	23.41	23.61	61.33%	32.75	27.50	307,457,530,000.00	80.959	82.786	0.339
MUTU
240,795,600.00	84,227,730.00	125.00	117.00	66.97%	7,774,408,857.00	139.00	113.00	46.87	39.88	8.45	4.13	3.26	58.92%	10.04	10.29	33,617,921,100.00	89.686	95.240	-
AHAP
184,772,700.00	63,372,040.00	102.00	97.00	62.29%	5,554,024,957.00	112.00	110.00	33.06	41.28	9.87	3.23	2.71	71.09%	6.97	6.57	21,788,285,500.00	90.738	83.339	30.813
NZIA
175,277,600.00	87,049,195.00	171.00	153.00	53.63%	11,108,302,690.00	181.00	163.00	55.75	43.85	6.82	12.67	13.98	60.75%	22.57	27.57	36,439,509,800.00	8.137	33.764	-
ANTM
142,697,700.00	120,913,965.00	3,154.00	3,057.00	56.15%	365,732,495,500.00	3,220.00	3,388.00	12.14	28.97	18.70	49.49	50.08	60.17%	108.23	91.43	468,344,904,000.00	40.720	24.262	10.497
UVCR
131,792,900.00	60,557,845.00	149.00	146.00	64.97%	7,801,549,160.00	170.00	157.00	19.11	30.05	13.47	4.75	3.81	68.16%	9.42	9.36	22,413,743,700.00	12.657	96.181	-
ASLI
90,862,900.00	78,820,040.00	327.00	250.00	61.22%	19,441,467,823.00	360.00	340.00	50.29	28.30	18.31	42.63	46.27	61.82%	38.00	46.14	32,168,757,600.00	97.140	93.745	-
ELIT
81,531,300.00	62,106,110.00	254.00	206.00	62.89%	11,060,632,697.00	288.00	211.00	58.10	32.16	6.32	22.21	21.79	56.41%	26.08	28.00	23,160,837,800.00	97.030	96.273	-
ENZO
55,093,900.00	50,644,020.00	75.00	72.00	54.84%	6,195,698,987.00	78.00	70.00	30.02	20.94	9.15	1.48	1.42	59.67%	6.24	5.79	4,470,135,400.00	81.808	94.114	-
SMIL
52,480,900.00	44,183,000.00	418.00	383.00	56.96%	16,125,873,827.00	426.00	331.00	17.99	21.04	20.72	15.10	16.46	59.03%	21.44	20.29	22,394,391,400.00	96.624	98.063	-
AYAM
37,366,600.00	26,576,120.00	486.00	439.00	69.95%	12,518,488,640.00	515.00	378.00	41.18	42.56	12.98	15.65	14.30	65.42%	18.80	17.29	18,896,613,500.00	96.421	97.159	-
INDO
34,268,400.00	28,715,620.00	184.00	177.00	55.25%	5,243,712,360.00	185.00	226.00	18.57	20.13	16.46	2.50	2.69	57.24%	5.01	5.07	6,393,833,700.00	80.443	89.576	-
KJEN
30,619,300.00	24,633,750.00	163.00	148.00	56.12%	5,806,852,743.00	166.00	162.00	54.47	32.37	10.95	3.68	3.63	59.82%	12.86	10.64	5,151,069,900.00	95.387	95.812	-
IMPC
24,996,800.00	24,628,620.00	1,508.00	1,503.00	60.19%	29,712,527,467.00	1,700.00	2,234.00	27.67	25.33	15.53	62.45	59.00	55.95%	99.30	106.43	42,815,920,000.00	22.638	33.561	-
GULA
24,448,000.00	23,658,645.00	784.00	754.00	61.93%	21,515,799,717.00	830.00	479.00	20.37	27.26	11.94	24.21	23.91	61.93%	36.42	29.64	20,454,375,500.00	89.686	99.502	-
SOCI
21,480,100.00	21,456,140.00	601.00	494.00	61.90%	12,404,395,983.00	635.00	458.00	52.99	26.36	14.33	46.51	49.63	68.73%	41.77	48.93	13,689,201,500.00	98.764	95.627	27.201
CLEO
16,799,500.00	15,100,375.00	412.00	394.00	59.25%	5,146,902,293.00	422.00	416.00	38.12	28.27	10.61	10.10	10.62	64.19%	13.67	13.71	7,201,700,200.00	77.804	79.871	-
DSNG
7,676,600.00	6,282,585.00	1,585.00	1,402.00	56.55%	8,613,928,900.00	1,595.00	1,456.00	48.34	26.01	11.26	69.98	77.55	57.18%	63.91	68.57	12,378,244,500.00	94.649	89.096	45.372
FORU
6,057,100.00	3,613,190.00	3,038.00	2,869.00	63.18%	9,870,751,100.00	4,020.00	1,941.00	37.92	43.97	11.25	433.00	428.53	67.11%	491.75	539.29	24,750,845,000.00	76.218	99.797	83.409
TOTL
5,470,700.00	4,197,010.00	1,490.00	1,292.00	61.93%	6,728,947,050.00	1,535.00	1,120.00	45.32	33.17	10.70	62.11	64.15	64.94%	63.10	62.86	8,437,401,500.00	95.148	96.033	19.752
AALI
2,577,900.00	1,804,595.00	8,274.00	7,356.00	67.94%	13,234,420,333.00	8,625.00	7,376.00	57.65	28.04	6.74	347.25	353.64	64.93%	217.22	219.64	22,050,565,000.00	94.982	89.576	44.582
ITMG
1,982,500.00	1,642,310.00	25,914.00	24,928.00	61.54%	38,834,073,167.00	26,225.00	23,941.00	41.49	20.14	11.34	413.51	435.21	60.79%	498.68	510.71	52,292,175,000.00	82.565	32.804	21.445

Batch 2
Symbol
Volume
Volume MA 20
Price MA 20
Price MA 50
RSI (14)
ADTV 30
Price
Net Profit Margin (TTM)(%)

Return On Invested Capital (TTM)

Piotroski F-Score

Earnings Yield (TTM)

Debt to Equity Ratio (Quarter)

EPS (TTM YoY Growth)

SLIS
684,854,000.00	92,666,835.00	91.00	77.00	59.22%	16,325,007,803.00	93.00	-10.06%	-6.72%	3	-8.89%	0.09	-88.38%
DEFI
574,134,900.00	71,033,715.00	108.00	107.00	57.06%	7,421,468,753.00	119.00	-185.67%	-27.54%	3	-13.11%	-	-282.17%
BRMS
416,318,400.00	364,829,925.00	715.00	631.00	59.97%	258,187,968,217.00	730.00	17.81%	4.31%	5	0.65%	0.22	8.94%
MUTU
240,795,600.00	84,227,730.00	125.00	117.00	66.97%	7,774,408,857.00	139.00	7.68%	14.57%	5	5.27%	0.18	-12.53%
AHAP
184,772,700.00	63,372,040.00	102.00	97.00	62.29%	5,554,024,957.00	112.00	-2.19%	-13.31%	2	-3.48%	0.35	-548.28%
NZIA
175,277,600.00	87,049,195.00	171.00	153.00	53.63%	11,108,302,690.00	181.00	-29.61%	-1.80%	4	-3.41%	0.05	-41.19%
ANTM
142,697,700.00	120,913,965.00	3,154.00	3,057.00	56.15%	365,732,495,500.00	3,220.00	10.08%	19.76%	7	11.50%	0.04	31.03%
UVCR
131,792,900.00	60,557,845.00	149.00	146.00	64.97%	7,801,549,160.00	170.00	1.08%	2.78%	9	3.72%	0.48	1,210.53%
ASLI
90,862,900.00	78,820,040.00	327.00	250.00	61.22%	19,441,467,823.00	360.00	-110.88%	-24.50%	3	-4.62%	0.06	-3,160.78%
ELIT
81,531,300.00	62,106,110.00	254.00	206.00	62.89%	11,060,632,697.00	288.00	8.63%	12.98%	8	5.77%	0.15	16.17%
ENZO
55,093,900.00	50,644,020.00	75.00	72.00	54.84%	6,195,698,987.00	78.00	3.30%	9.69%	7	9.03%	0.94	338.64%
SMIL
52,480,900.00	44,183,000.00	418.00	383.00	56.96%	16,125,873,827.00	426.00	16.84%	8.64%	5	2.03%	0.46	-19.59%
AYAM
37,366,600.00	26,576,120.00	486.00	439.00	69.95%	12,518,488,640.00	515.00	0.75%	0.17%	4	0.08%	0.07	-31.03%
INDO
34,268,400.00	28,715,620.00	184.00	177.00	55.25%	5,243,712,360.00	185.00	155.19%	0.45%	6	5.61%	-	86.51%
KJEN
30,619,300.00	24,633,750.00	163.00	148.00	56.12%	5,806,852,743.00	166.00	0.75%	-0.11%	7	0.04%	0.03	108.96%
IMPC
24,996,800.00	24,628,620.00	1,508.00	1,503.00	60.19%	29,712,527,467.00	1,700.00	15.94%	19.40%	9	0.83%	0.22	37.16%
GULA
24,448,000.00	23,658,645.00	784.00	754.00	61.93%	21,515,799,717.00	830.00	-1.83%	1.91%	3	-0.58%	0.52	-437.08%
SOCI
21,480,100.00	21,456,140.00	601.00	494.00	61.90%	12,404,395,983.00	635.00	13.28%	5.30%	8	7.87%	0.41	48.60%
CLEO
16,799,500.00	15,100,375.00	412.00	394.00	59.25%	5,146,902,293.00	422.00	13.65%	16.96%	5	4.25%	0.18	-4.93%
DSNG
7,676,600.00	6,282,585.00	1,585.00	1,402.00	56.55%	8,613,928,900.00	1,595.00	15.38%	13.45%	7	11.39%	0.27	23.90%
FORU
6,057,100.00	3,613,190.00	3,038.00	2,869.00	63.18%	9,870,751,100.00	4,020.00	-29.42%	-14.44%	4	-0.49%	0.25	-144.42%
TOTL
5,470,700.00	4,197,010.00	1,490.00	1,292.00	61.93%	6,728,947,050.00	1,535.00	11.89%	46.78%	6	9.74%	-	55.70%
AALI
2,577,900.00	1,804,595.00	8,274.00	7,356.00	67.94%	13,234,420,333.00	8,625.00	6.34%	8.51%	9	11.26%	-	38.55%
ITMG
1,982,500.00	1,642,310.00	25,914.00	24,928.00	61.54%	38,834,073,167.00	26,225.00	10.50%	9.25%	4	11.71%	0.06	-35.84%

Batch 3
Symbol
Volume
Volume MA 20
Price MA 20
Price MA 50
RSI (14)
ADTV 30
Price
Operating Cash Flow (Quarter)

Free cash flow (TTM)

Free cash flow (Quarter)

Net Income (Quarter)

Net Income (Annual)

Net Income (TTM)

Net Income (YTD)

SLIS
684,854,000.00	92,666,835.00	91.00	77.00	59.22%	16,325,007,803.00	93.00	(6.21 B)	(15.38 B)	(6.31 B)	(5.10 B)	(22.96 B)	(20.37 B)	(9.53 B)
DEFI
574,134,900.00	71,033,715.00	108.00	107.00	57.06%	7,421,468,753.00	119.00	(0.36 B)	(4.00 B)	(0.36 B)	(1.84 B)	(11.15 B)	(10.72 B)	(2.66 B)
BRMS
416,318,400.00	364,829,925.00	715.00	631.00	59.97%	258,187,968,217.00	730.00	(921.81 B)	(2,245.20 B)	(1,614.06 B)	(81.16 B)	824.04 B	672.92 B	222.38 B
MUTU
240,795,600.00	84,227,730.00	125.00	117.00	66.97%	7,774,408,857.00	139.00	553.26 M	(1.43 B)	(5.29 B)	9.85 B	24.16 B	25.30 B	14.72 B
AHAP
184,772,700.00	63,372,040.00	102.00	97.00	62.29%	5,554,024,957.00	112.00	(19.82 B)	(78.60 B)	(19.86 B)	(1.60 B)	(30.51 B)	(19.12 B)	213.30 M
NZIA
175,277,600.00	87,049,195.00	171.00	153.00	53.63%	11,108,302,690.00	181.00	11.64 B	12.23 B	11.26 B	(0.58 B)	(13.69 B)	(13.56 B)	(3.97 B)
ANTM
142,697,700.00	120,913,965.00	3,154.00	3,057.00	56.15%	365,732,495,500.00	3,220.00	2,402.31 B	1,167.80 B	2,219.19 B	2,981.80 B	7,208.83 B	8,901.05 B	6,388.59 B
UVCR
131,792,900.00	60,557,845.00	149.00	146.00	64.97%	7,801,549,160.00	170.00	(65.57 B)	39.32 B	(65.83 B)	4.12 B	5.47 B	12.66 B	8.37 B
ASLI
90,862,900.00	78,820,040.00	327.00	250.00	61.22%	19,441,467,823.00	360.00	298.02 M	39.94 B	298.02 M	(6.22 B)	(112.55 B)	(103.91 B)	(11.28 B)
ELIT
81,531,300.00	62,106,110.00	254.00	206.00	62.89%	11,060,632,697.00	288.00	(4.88 B)	62.73 B	(17.69 B)	9.65 B	33.72 B	33.73 B	17.68 B
ENZO
55,093,900.00	50,644,020.00	75.00	72.00	54.84%	6,195,698,987.00	78.00	(11.02 B)	(51.52 B)	(11.04 B)	7.28 B	(0.54 B)	15.23 B	8.25 B
SMIL
52,480,900.00	44,183,000.00	418.00	383.00	56.96%	16,125,873,827.00	426.00	77.79 B	28.96 B	35.17 B	29.33 B	66.03 B	75.75 B	60.08 B
AYAM
37,366,600.00	26,576,120.00	486.00	439.00	69.95%	12,518,488,640.00	515.00	(12.96 B)	(8.03 B)	(13.58 B)	(2.63 B)	75.42 M	1.59 B	2.68 B
INDO
34,268,400.00	28,715,620.00	184.00	177.00	55.25%	5,243,712,360.00	185.00	12.75 B	(60.83 B)	(1.35 B)	24.85 B	29.16 B	46.47 B	33.70 B
KJEN
30,619,300.00	24,633,750.00	163.00	148.00	56.12%	5,806,852,743.00	166.00	628.99 M	1.22 B	628.99 M	145.75 M	30.04 M	31.05 M	158.02 M
IMPC
24,996,800.00	24,628,620.00	1,508.00	1,503.00	60.19%	29,712,527,467.00	1,700.00	271.76 B	549.18 B	154.98 B	243.90 B	620.04 B	770.91 B	446.50 B
GULA
24,448,000.00	23,658,645.00	784.00	754.00	61.93%	21,515,799,717.00	830.00	1.45 B	(28.87 B)	1.12 B	(1.65 M)	(6.78 B)	(5.12 B)	34.84 M
SOCI
21,480,100.00	21,456,140.00	601.00	494.00	61.90%	12,404,395,983.00	635.00	95.54 B	(1,375.31 B)	(1,324.75 B)	262.43 B	126.23 B	352.88 B	349.06 B
CLEO
16,799,500.00	15,100,375.00	412.00	394.00	59.25%	5,146,902,293.00	422.00	150.72 B	43.70 B	(72.47 B)	136.01 B	381.82 B	430.10 B	255.82 B
DSNG
7,676,600.00	6,282,585.00	1,585.00	1,402.00	56.55%	8,613,928,900.00	1,595.00	636.99 B	1,723.76 B	485.28 B	571.05 B	1,840.49 B	1,926.20 B	1,001.48 B
FORU
6,057,100.00	3,613,190.00	3,038.00	2,869.00	63.18%	9,870,751,100.00	4,020.00	(8.33 B)	(6.16 B)	(8.51 B)	(3.22 B)	(2.52 B)	(9.16 B)	(7.38 B)
TOTL
5,470,700.00	4,197,010.00	1,490.00	1,292.00	61.93%	6,728,947,050.00	1,535.00	(104.72 B)	181.31 B	(110.99 B)	165.67 B	414.31 B	509.57 B	269.75 B
AALI
2,577,900.00	1,804,595.00	8,274.00	7,356.00	67.94%	13,234,420,333.00	8,625.00	1,256.26 B	2,836.45 B	1,059.61 B	725.48 B	1,471.71 B	1,868.48 B	1,098.89 B
ITMG
1,982,500.00	1,642,310.00	25,914.00	24,928.00	61.54%	38,834,073,167.00	26,225.00	6.98 B	(194.16 B)	(313.77 B)	900.47 B	3,146.22 B	3,468.49 B	1,823.97 B