Symbol
Volume
Volume MA 20
Price MA 20
Price MA 50
RSI (14)
ADTV 30
Price
Previous Price

Open Price

High Price

Low Price

Previous Volume

Value

ADTV 90

Price MA 100

Price MA 200

Previous RSI (14)

MACD (12,26)

Previous MACD (12,26)

Average Directional Index 14

Average Directional Index DI+ 14

Average Directional Index DI- 14

Average True Range 14

Average Daily Range 14

VWAP

SQMI
637,472,600.00	520,884,010.00	87.00	73.00	60.87%	35,163,303,737.00	99.00	98.00	101.00	107.00	94.00	852,822,100.00	64,425,088,000.00	12,700,520,018.00	60.00	55.00	60.32%	8.23	8.30	56.61	28.80	9.19	10.90	14.29	100.00
POLA
608,192,200.00	105,664,485.00	64.00	61.00	63.69%	5,993,880,077.00	80.00	85.00	89.00	103.00	79.00	199,882,400.00	56,915,692,400.00	2,503,793,466.00	64.00	68.00	69.97%	6.06	5.75	33.42	38.83	9.83	9.18	9.93	87.33
DOOH
339,865,500.00	45,508,895.00	357.00	272.00	64.49%	47,742,435,160.00	408.00	458.00	458.00	460.00	390.00	67,854,100.00	140,164,998,200.00	21,888,809,127.00	206.00	208.00	81.19%	41.76	42.96	63.71	53.87	26.34	23.21	12.14	419.33
ASLI
264,178,100.00	99,561,130.00	340.00	257.00	58.49%	27,575,214,187.00	362.00	390.00	424.00	448.00	358.00	336,695,400.00	104,266,614,800.00	10,045,861,160.00	260.00	342.00	66.49%	38.24	41.69	48.73	30.05	13.21	45.43	51.29	389.33
AMMN
259,045,200.00	81,888,410.00	4,628.00	4,308.00	52.87%	360,138,233,600.00	4,680.00	4,900.00	4,900.00	4,960.00	4,610.00	121,576,900.00	1,220,564,522,000.00	447,360,566,339.00	4,087.00	5,338.00	60.41%	191.63	218.08	28.84	29.10	24.39	210.26	200.71	4,750.00
BBRI
242,737,200.00	205,294,440.00	3,309.00	3,122.00	54.59%	630,381,675,233.00	3,310.00	3,330.00	3,310.00	3,340.00	3,250.00	132,493,900.00	798,330,474,000.00	820,580,075,244.00	3,047.00	3,369.00	56.44%	61.66	68.06	31.85	25.41	21.26	76.72	80.00	3,300.00
MBMA
236,808,400.00	150,432,070.00	535.00	526.00	54.25%	77,351,269,083.00	545.00	520.00	525.00	545.00	520.00	123,655,900.00	126,194,694,500.00	81,663,605,426.00	534.00	605.00	48.27%	-3.17	-5.48	13.41	21.34	21.47	27.33	24.00	536.67
DPUM
164,380,700.00	101,939,285.00	115.00	105.00	67.64%	10,031,692,867.00	146.00	149.00	153.00	168.00	146.00	74,402,000.00	26,135,562,200.00	6,191,221,598.00	122.00	152.00	70.13%	13.19	12.83	43.01	50.99	5.11	14.39	17.36	153.33
ANTM
135,669,000.00	119,513,535.00	3,177.00	3,075.00	62.82%	362,765,317,167.00	3,340.00	3,280.00	3,310.00	3,350.00	3,250.00	71,211,300.00	448,891,325,000.00	439,271,924,689.00	3,132.00	3,392.00	59.64%	60.37	53.25	13.68	29.24	16.92	107.09	100.00	3,313.33
BAJA
119,421,000.00	19,020,225.00	284.00	264.00	65.06%	8,531,243,303.00	350.00	280.00	282.00	350.00	276.00	2,347,400.00	39,267,943,200.00	3,230,417,074.00	208.00	184.00	49.44%	7.16	2.09	30.29	45.07	14.84	26.72	28.43	325.33
UVCR
118,015,800.00	67,721,215.00	153.00	148.00	69.26%	8,791,355,883.00	178.00	174.00	174.00	182.00	172.00	103,874,700.00	20,939,724,000.00	12,405,440,396.00	168.00	158.00	67.18%	6.79	5.75	22.27	29.74	11.36	9.64	10.21	177.33
DEFI
98,511,400.00	82,585,150.00	109.00	108.00	50.96%	7,524,094,777.00	111.00	114.00	116.00	121.00	110.00	170,785,200.00	11,389,179,300.00	10,973,046,121.00	125.00	148.00	53.19%	2.19	2.46	28.43	34.58	14.86	9.39	9.14	114.00
MUTU
98,347,500.00	91,019,715.00	127.00	117.00	61.40%	8,398,694,880.00	136.00	132.00	133.00	143.00	130.00	43,910,400.00	13,480,487,500.00	3,385,889,459.00	113.00	113.00	58.35%	4.52	4.20	49.46	35.08	7.13	10.24	10.86	136.33
AHAP
96,909,500.00	69,212,340.00	102.00	98.00	51.84%	5,993,559,373.00	104.00	115.00	117.00	117.00	103.00	67,673,500.00	10,518,543,000.00	3,489,555,089.00	96.00	110.00	64.64%	3.40	3.84	34.76	32.62	16.18	7.61	7.79	108.00
JARR
94,072,000.00	26,567,110.00	3,438.00	2,557.00	60.27%	76,692,334,783.00	3,600.00	4,190.00	4,510.00	4,550.00	3,570.00	76,716,100.00	382,882,137,000.00	28,055,940,278.00	2,227.00	2,491.00	84.93%	391.27	425.36	67.63	40.97	9.67	322.86	320.00	3,906.67
IRSX
87,671,500.00	60,248,035.00	397.00	354.00	60.69%	23,274,580,787.00	416.00	410.00	414.00	434.00	408.00	45,623,900.00	36,956,566,200.00	23,339,077,936.00	351.00	441.00	58.90%	15.36	15.48	25.01	26.66	14.35	23.53	24.29	419.33
PTRO
80,621,900.00	45,499,035.00	5,259.00	4,901.00	55.00%	264,383,468,683.00	5,325.00	5,325.00	5,625.00	5,625.00	5,250.00	42,409,400.00	438,652,917,500.00	281,434,503,278.00	4,702.00	6,412.00	55.00%	96.22	99.83	30.33	28.36	14.44	281.63	289.29	5,400.00
FOLK
75,966,100.00	46,853,945.00	211.00	208.00	57.54%	8,233,822,323.00	244.00	240.00	244.00	280.00	230.00	34,504,500.00	19,279,558,600.00	3,505,500,787.00	227.00	371.00	56.56%	16.11	16.57	35.35	33.79	11.19	31.26	35.29	251.33
ARCI
61,198,100.00	50,733,090.00	1,347.00	1,216.00	60.54%	70,552,766,583.00	1,380.00	1,340.00	1,360.00	1,380.00	1,345.00	25,703,200.00	83,904,019,000.00	57,654,014,694.00	1,210.00	1,408.00	56.15%	30.78	28.68	19.55	30.40	19.09	60.40	45.36	1,368.33
FPNI
59,128,300.00	19,164,180.00	583.00	460.00	59.80%	11,448,279,903.00	600.00	515.00	520.00	625.00	515.00	3,397,900.00	34,857,753,000.00	4,926,364,673.00	422.00	566.00	47.46%	18.78	15.70	41.96	32.78	14.31	51.74	52.50	580.00
MTEL
57,452,900.00	47,252,455.00	479.00	461.00	63.03%	19,630,639,097.00	500.00	478.00	478.00	500.00	476.00	8,878,200.00	28,448,284,400.00	17,714,683,039.00	484.00	526.00	52.79%	9.00	8.18	32.64	32.96	21.19	12.82	12.93	492.00
BFIN
48,255,600.00	24,048,845.00	958.00	893.00	54.33%	22,520,971,650.00	965.00	985.00	985.00	995.00	940.00	8,376,000.00	46,380,355,500.00	19,941,680,283.00	816.00	774.00	59.73%	28.05	31.56	27.95	15.89	26.91	43.54	48.93	966.67
SMIL
46,145,400.00	45,257,940.00	423.00	389.00	56.32%	16,604,381,627.00	426.00	430.00	432.00	438.00	426.00	41,904,800.00	19,956,473,400.00	10,767,333,307.00	331.00	331.00	58.53%	12.97	14.17	16.19	21.34	19.02	20.14	20.00	430.00
LSIP
36,645,400.00	15,670,445.00	1,610.00	1,476.00	64.61%	19,838,081,417.00	1,695.00	1,735.00	1,740.00	1,790.00	1,695.00	8,937,900.00	63,012,216,500.00	16,766,300,283.00	1,436.00	1,359.00	72.24%	74.86	78.46	40.62	29.72	6.39	55.49	65.00	1,726.67
IMPC
25,845,600.00	24,996,275.00	1,539.00	1,510.00	59.25%	31,137,375,917.00	1,695.00	1,670.00	1,670.00	1,735.00	1,665.00	12,657,800.00	43,940,819,500.00	33,389,467,767.00	1,664.00	2,222.00	57.79%	63.03	62.06	27.27	23.76	14.10	94.27	105.00	1,698.33